4294967279,51
4294967279,50
4294967279,49
4294967279,48
4294967278,229
4294967278,227
4294967278,292
4294967278,223
4294967278,219
4294967278,217
4294967278,215
4294967278,213
4294967294,470
4294967294,12
4294967279,46
4294967279,45
4294967279,44
4294967279,43
4294967278,332
4294967278,210
4294967278,357
4294967278,208
4294967278,347
4294967279,41
4294967279,40
4294967279,39
4294967279,38
4294967279,36
4294967279,34
4294967279,33
4294967279,32
4294967279,31
4294967279,28
4294967279,27
4294967279,26
4294967279,24
4294967279,23
4294967279,22
4294967279,21
4294967279,17
4294967279,16
4294967279,15
4294967279,14
4294967279,13
4294967278,386
4294967278,225
4294967278,203
4294967278,355
4294967278,202
4294967278,201
4294967278,374
4294967278,200
4294967279,200
4294967279,199
4294967278,382
4294967278,195
4294967279,198
88,6
4294967278,197
88,5
88,4
4294967278,196
88,3
88,2
88,1
4294967278,373
4294967278,354
4294967279,543
4294967278,381
4294967278,380
4294967279,192
4294967278,191
4294967294,387
4294967278,190
4294967278,353
4294967279,190
4294967278,189
4294967278,188
4294967279,188
4294967278,185
4294967278,187
4294967279,187
4294967278,186
4294967278,352
4294967279,186
4294967294,107
4294967278,184
4294967278,183
4294967279,315
4294967278,182
4294967278,0
4294967279,9
4294967294,42
4294967294,38
4294967294,36
4294967294,29
4294967294,1174
4294967294,41
4294967294,39
4294967294,1000
4294967294,1001
4294967294,186
4294967294,1176
4294967278,180
4294967278,321
4294967294,44
4294967279,179
4294967278,320
4294967278,177
85,7
4294967279,308
4294967294,53
4294967294,51
4294967294,417
4294967294,392
4294967294,115
4294967294,2
4294967294,89
4294967279,323
79,3
4294967279,569
4294967294,91
4294967294,90
4294967294,87
4294967294,86
4294967294,84
4294967279,170
4294967279,169
4294967279,168
85,6
85,5
4294967279,167
85,4
85,3
85,2
85,1
4294967294,99
4294967294,5
4294967294,50
77,3
4294967279,163
4294967279,537
4294967294,37
4294967279,161
4294967279,158
4294967279,157
4294967294,40
4294967294,17
4294967294,76
4294967294,1419
4294967279,153
4294967294,94
4294967294,93
4294967294,96
4294967294,95
4294967294,9
4294967294,8
0,7
4294967294,45
4294967294,427
4294967294,436
4294967294,43
4294967294,52
4294967294,1175
4294967294,1017
4294967294,419
4294967294,28
4294967294,1016
4294967294,27
4294967294,1018
4294967294,26
4294967294,475
4294967294,25
4294967294,85
4294967294,46
4294967294,0
4294967279,151
4294967294,1095
41,4
4294967294,1098
4294967294,67
4294967294,92
4294967294,88
79,6
0,5
77,4
79,4
4294967294,7
4294967294,6
4294967294,22
4294967294,81
4294967294,82
4294967294,83
4294967294,11
4294967294,68
4294967278,132
4294967278,131
4294967278,130
4294967278,129
4294967278,128
4294967278,127
4294967278,126
4294967278,125
4294967278,124
4294967278,123
4294967278,122
4294967278,121
4294967278,120
4294967278,119
4294967278,118
4294967278,117
4294967278,116
4294967278,115
4294967278,114
4294967278,113
4294967278,112
4294967278,111
4294967278,110
4294967278,109
4294967278,108
4294967278,107
4294967278,106
4294967278,105
4294967278,104
4294967278,103
4294967278,102
4294967278,101
4294967278,100
4294967278,99
4294967278,98
4294967278,97
4294967278,96
4294967278,95
4294967278,94
4294967278,93
4294967278,92
4294967278,91
4294967278,90
4294967278,89
4294967278,87
4294967278,86
4294967278,85
4294967278,84
4294967278,83
4294967278,82
4294967278,81
4294967278,80
4294967278,79
4294967278,78
4294967278,77
4294967278,76
4294967278,75
4294967278,74
4294967278,73
4294967278,72
4294967278,71
4294967278,70
4294967278,69
4294967278,68
4294967278,67
4294967278,66
4294967278,65
4294967278,64
4294967279,83
4294967279,82
4294967279,81
4294967279,79
4294967279,76
4294967279,71
4294967279,70
4294967279,63
4294967279,62
4294967279,61
4294967279,53
4294967279,52
4294967279,47
4294967279,42
4294967279,309
4294967279,37
4294967279,287
4294967279,35
4294967279,298
4294967279,30
4294967279,29
4294967279,25
4294967279,20
4294967279,19
4294967279,18
4294967279,12
4294967279,273
4294967279,11
4294967279,10
4294967279,8
4294967279,7
4294967279,6
4294967279,5
4294967279,4
82,7
82,6
82,5
82,4
82,3
82,2
82,1
4294967294,1101
80,4
80,2
80,1
4294967294,1420
4294967279,327
4294967293,131
4294967293,130
4294967293,129
4294967293,128
4294967293,127
4294967293,126
4294967293,125
4294967293,124
